Time taken to compute the optimum :  11351.209031105042

Message :  Maximum number of iterations has been exceeded.

Number of iterations done :  2000

Optimum value of function :  -449.9999999995561

Optimum values of x :  [ 9.72499372e+01  7.70609849e+01 -1.90311479e+01  2.54286979e+01
 -2.29088026e+01  6.95721771e+01  5.36971436e+00  6.14807306e+01
 -2.13006993e+01  9.23468132e+01 -9.39758818e+01  9.07459873e+01
  4.28769819e+01  2.93096466e+01 -1.06695471e+01 -6.50746180e+01
  6.70494173e+01  9.40187712e+01 -7.30050194e+01 -4.98021988e+01
  8.20014247e+01  3.52931837e+01  2.46321500e+01  2.44313885e+00
 -9.93034505e+01 -5.46223376e+01  9.56914582e+01  7.22504808e+01
 -9.71229557e+01 -2.84462573e+00 -1.67194056e+01  5.45804838e+01
 -2.37049264e+00  4.51291526e+00  5.64098851e+01  1.82458703e+01
 -7.47214449e+01 -7.80561463e+01  3.25810789e+01  9.94186237e+01
 -3.07638122e+01 -6.47890976e+01 -8.64222060e+01 -3.81208212e+01
 -3.30480393e+01 -2.47664869e+01  9.04413655e+01  4.38641017e+01
  5.58684887e+01  2.35317332e+01  2.98476685e+01  5.12566622e+01
 -7.04331621e+01  1.98907347e+01  7.97217373e+01 -6.56134290e+01
  6.37856229e+01 -8.61412469e+01  9.11374535e+01 -3.65324312e+01
 -9.89597658e+01  5.19871021e+01 -3.82640356e+01  4.30511347e+01
 -8.38104961e+01  6.91755844e+01  4.36752409e+01  7.40786014e+01
  7.44319396e+01  5.23126439e+01  3.38912936e+01  8.04056560e+01
  6.42924637e+01  6.65314545e+01  2.79835883e+01 -6.87591347e+01
  5.66335901e+01  4.62810801e+01  1.29463922e+01  4.46698515e+01
 -5.20523803e+01 -2.02829340e+00 -1.52794642e+01  5.91355108e+01
  5.26819960e+01 -5.22222385e+01  2.70218665e+01 -5.36909579e+01
  2.31876381e+01 -4.62990893e+01  9.82426295e+01  5.20637742e+01
 -3.56652516e+00  8.90400682e+01 -2.78523463e+01 -8.31217931e+01
  8.97027082e+01  3.81654992e+01  2.31017189e+01  7.89956135e+01
 -9.74923564e+01 -3.98175928e+01  9.30161533e+01 -7.95818945e+01
  1.92043459e+01 -6.20446515e+00  4.34651288e+01  7.17741864e+01
 -6.28803168e+01 -7.52500577e+00  8.06599526e+01 -9.55790970e+01
  5.20812311e+01  5.91704006e+01 -3.72298171e+01 -5.28349594e+01
 -1.10964302e+00  3.70508928e+01  8.89267390e+01 -1.21376160e+01
 -5.13128211e-01 -8.02764140e+01  1.08875039e+01 -1.28611366e+01
 -6.37470844e+01 -6.92376372e+01  8.67458766e+01 -7.27468767e+01
  9.97089989e+01  3.81241257e+01  9.22084910e+01  5.51003005e+01
 -9.98551719e+01 -3.49057168e+01  8.82072635e+00 -3.86987355e+01
  3.45407785e+01 -3.08573366e+01  9.61198835e+01 -2.92063364e+01
 -9.60969032e+01  6.25504109e+01  9.65628873e+01 -3.76328380e+01
 -2.42183137e+01  4.96058896e+01 -1.14339838e+01 -8.00216990e+01
  9.85244912e+01  7.25239332e+00 -7.30904049e+01 -7.37399978e+01
  7.27987378e+01  4.16544986e+01  9.96481402e+01  6.31513832e+01
  5.64479743e+01  5.27231508e+01  8.09950497e+01 -7.93756255e+01
 -5.76579240e+01  7.02177241e+01  4.85930314e+01 -1.89857997e+01
 -3.89916382e+01 -5.16100372e+00 -7.10524658e+01 -1.13196811e+00
  6.02484715e+00  2.04848664e+00 -5.45061676e+01  8.69987827e+01
  3.53841748e+00 -8.14781738e+00  5.53475984e+01  4.67606507e+01
  2.04763849e+01 -8.86141943e+01 -8.55993599e+01  2.71363286e+01
  7.52667640e+01 -1.45041107e+01  4.16806834e+01 -8.59619742e+01
 -9.61869663e+01  1.66197107e+00  7.38811977e+01  5.97098036e+01
  5.98468125e+01 -6.07773396e+01  4.28748743e+01 -5.69983146e+01
  5.73014844e+01 -6.55704936e+01 -5.87705530e+01 -7.10516273e+00
 -8.50946990e+01  1.93161037e+01 -6.18019072e+01  8.69634747e+01
 -3.84974976e+01 -7.62157469e+00  6.59506567e+01 -3.99724996e+01
  4.19239708e+01 -8.50797836e+01  5.00431636e+01 -6.21891792e+00
  8.89827931e+01 -9.72052193e+01 -8.91602305e+01  4.76897745e+01
  2.71130177e+01  8.61944394e+01 -7.80787816e+00  2.57798941e+00
 -1.51037758e+01 -1.68166122e+01 -2.23531440e+01  7.11074431e+01
  6.46037829e+01  8.27820694e+01  6.72083879e+01  7.36175177e+01
  5.51174519e+01 -1.36144143e+01 -1.27804017e+01 -5.51390539e+01
 -9.73631305e+01 -2.48067508e+01  6.77124636e+01 -4.27513333e+01
 -4.31741734e+01 -3.45839293e+01 -4.75814619e+00 -5.48033309e+01
  9.24012391e+01 -3.87083533e+01  5.57851164e+01  7.90684899e+01
 -4.92553366e+01 -7.08493313e+01 -3.17007462e+01  4.66269366e+01
 -9.32272179e+01  8.84775326e+00  1.16890793e+01  3.39367457e+01
  1.67853842e+01  3.71818192e+01  5.31967749e+01  7.95324245e+01
  9.33579344e+01  8.11587061e+01 -6.42841229e+01  9.56976066e+01
  7.95971502e+01 -9.41277200e+01 -4.35955284e+01 -6.24197708e+01
  2.17507018e+01 -5.81291222e+01  9.95469341e+01 -9.66476366e+01
 -1.20743684e+01 -7.03209617e+01  2.42891878e+01  5.08737583e+01
 -4.38806092e+01  5.43593699e+00 -3.75118827e+01 -6.36518247e+01
  5.58505887e+01  6.19018126e+01  4.46625905e+01 -9.09381027e+01
  2.26599505e+01 -3.29570215e+01  1.67725189e+01  8.26355625e+01
  2.54498220e-01 -1.64980909e+01  5.98915022e+01  7.81218326e+01
  2.67066686e+00 -2.20547061e+01  8.61277420e+01 -4.34535686e+01
  5.39874287e+01  4.55166420e+01  8.29215988e+01 -7.87759180e+01
  7.77875238e+01  1.90080911e+01 -9.75840095e+01 -5.23371232e+01
 -7.52752297e+01  7.61568632e+01  6.26464548e+01  5.26676620e+01
  6.20774163e+01  3.64507736e+01  2.49604133e+01 -2.63842925e+01
 -5.94439563e+01 -4.49897580e+01 -3.69122601e+00 -1.99617500e+01
  4.04591677e+01 -3.57278093e+01 -9.03093649e+01  5.54972360e+01
  1.06805739e+01 -8.64501288e+01 -7.64699046e-01  6.72210367e+01
 -7.81317860e+00  5.60050818e+01 -1.65122682e+00  3.91427925e+01
  9.70123802e+01 -2.93655467e+01  2.43983354e+01  3.17875283e+00
  6.30064545e+01 -2.18720116e+00  4.62919136e+01  4.21148981e+01
  6.68823279e+01 -9.78151645e+01 -9.03245926e+01  2.53470026e-01
 -4.16621343e+01 -9.72414674e+01  5.88355692e+01 -8.65434652e+01
 -3.79644307e+01 -3.19989170e+01  6.33555847e+01 -9.91254313e+01
 -1.23679465e+00  2.26896075e+01 -2.51837586e+01 -6.03383605e+01
  7.90135292e+01  9.73697159e+01  8.43560187e+01 -2.11165304e+01
  3.24574958e+01  8.02198271e+00 -5.77841029e+01 -3.89340188e+01
 -9.73195205e+01 -9.90876107e+01  9.75573831e+01  6.23593879e+01
  5.40811384e+01  8.06570491e+01 -7.52451772e+01 -8.07840906e+01
  1.02935135e+01 -9.86964819e+01 -7.48613390e+01 -8.88440141e+01
  5.25347403e+01 -8.57196874e+01  4.36466714e+01 -7.19183990e+01
  2.31396712e+01 -5.69816105e+00  2.07051490e+00 -3.09913831e+01
 -8.30484077e+01 -4.88397314e+01  5.11438085e+00 -7.18930474e+01
 -7.59058152e+01  5.47776203e-01 -4.28173576e+01 -7.76065599e+01
  9.25419840e-03 -2.44198017e+01 -4.58882360e+01  9.13382069e+01
 -8.38641281e+00 -5.09958833e+01  6.60914138e+01 -3.93652541e+01
 -9.33561175e+01  9.75118653e+01 -4.04474871e+00  2.07071610e+01
  3.24976020e+00  9.54521935e+01 -5.05603372e+01  3.36389171e+01
 -7.06536766e+01 -1.89755345e+01 -7.15894264e+01 -3.11507974e+01
  9.98641253e+00 -9.15136578e+01 -5.36080257e+01 -2.02418617e+01
 -7.58617986e+01 -1.14739848e+01 -8.97095362e+01  9.93293245e+01
  3.88752689e+01  2.30043351e+01  2.34309200e+01  6.59478369e+01
  9.58571144e+01 -1.25130497e+01  6.92420685e+01 -2.05832729e+01
 -1.59256399e+01  7.83976206e+01 -3.08676600e+01  6.16825909e+01
  9.88552552e+01  5.62127499e+01  7.03617501e+01  3.21222082e+01
 -4.55774506e+01 -5.18313531e+01 -1.48152789e+01  1.95116259e+01
 -1.59917595e+01  5.35048309e+01 -9.48616571e+01  3.85586072e+01
  5.06876468e+01  9.07115854e+01 -2.25355848e+01 -8.87687323e+01
 -2.49319587e+01  3.15026374e+01  4.03533026e+01 -8.18526347e+01
  8.95974179e+01  6.96976883e+00  8.20480772e+01 -3.81378257e+01
  4.49790028e+01 -2.33082134e+01  7.97746128e+01 -8.63123881e+01
 -4.70000661e+01  2.49122449e+01  3.60558288e+01  4.73801690e+01
  8.65961099e+01  2.29342263e+01  4.76610210e+01  2.73051794e+01
 -6.59733566e+01 -4.55328818e+01  6.24895604e+01 -1.93478061e+01
  3.20165372e+01 -4.27882009e+01  9.22766828e+01  1.53111998e+01
  9.33257668e+01  2.78418983e+00  7.28446644e+01 -5.49344985e+01
 -5.13089918e+01  7.97652875e+01  4.18395171e+01  9.50286833e+01
 -8.08714885e+00  4.83549127e+01  3.37934492e+01 -9.40775111e+01
 -2.99287791e+01 -8.35867748e+01 -8.78325039e+01  5.20189886e+01
  2.55661784e+01  6.09339249e+00  9.78523786e+01 -3.94075828e+01
 -6.38597501e+01  1.38500205e+01 -6.68558235e+00 -2.15541724e+01
 -9.45186318e+01 -3.17040941e+01  9.52698216e+01  1.53870019e+01
  5.41280269e+01  2.52822933e+01  4.66099905e+01 -7.01317305e+01
 -1.70717806e+01 -8.62030509e+01  7.68388131e+01  6.63988590e+01]

