Time taken to compute the optimum (in seconds):  737.264401435852

Number of iterations done :  7000000.0

Optimum value of function :  [-179.95029988]

Optimum values of x :  [ 540.049755   -318.17341649  133.67906541  -16.89620267  469.6075234
  314.49991529  -52.37160987 -577.72551383  385.78601488  -66.30810418
  138.63558051  350.37518268  505.78829603  285.82526524 -388.46955697
 -113.06836836  522.52896548  500.36464178 -107.74170398  472.0798492
 -530.5438475  -176.67444465  375.72812612 -588.00337992 -433.1648166
 -356.61876532 -361.60374988  124.50837116 -273.35334641 -361.40590168
 -581.6570392   296.16141538  -65.87695168  518.07592958  -40.80885825
  -97.66541764  415.40952296   30.17816875 -356.80097853  206.3496148
  405.77584726 -576.42236358  217.5682024  -144.58033268  397.94965189
    3.41041271  251.53568799  -85.3028114  -234.55041325 -372.40165675
 -368.05772553  218.72045921 -236.65872257   49.89360964 -418.90640141
  237.31123098 -145.93952668  432.02610485  424.28880089  112.31757142
   -4.11543506  479.77030685  385.9071177   174.04848479  381.49557548
  192.32315    -189.48394114 -252.2941442  -190.48773259   41.02949972
  272.53235583 -228.94960778  406.1934806    81.77013062 -155.28686897
  243.26921489   56.03873868  -66.15521149  233.45205927  145.53710069
  353.79528469  548.19927842   27.01171741  456.34373509 -392.46871535
  575.64807817 -274.33499086 -297.36694323  450.82393871  284.75181686
 -436.09406019 -585.88533083  472.67903989 -360.76335335 -241.51947305
  193.61210623 -258.54141846  -36.38333047 -521.82723245  586.03300261
   99.36836761  -91.88711436   18.62927459 -199.26231629  -80.53028235
 -328.72828843   95.77365208  312.53301797   35.9545063   168.74078542
 -349.04231465 -144.34072153  339.97211278  216.9849177   -46.76094301
   81.23518062  353.15448151 -529.02156195  123.50695604 -539.57539144
 -101.50587147 -234.02617622  449.21803825 -582.01536514  321.5830393
  565.03043956  588.11424337  346.57977993  -73.60716835   -1.99052416
 -343.16708057  172.4069328  -215.81682095  552.12649523  272.20557963
 -105.64447558  293.48421915 -278.34350249  -72.37597172  519.99115924
  220.05311035 -344.90517249  407.00482306  154.59452844 -439.4888459
 -351.5097625   128.66387619  155.80987992 -155.23243266   90.3178793
  -58.08841563 -547.42896873 -567.31805833 -224.87861573 -584.59052898
 -139.13862479  219.64198592 -488.35595136 -557.67469485  134.92489774
  130.32863817 -581.1233539  -580.3445353  -371.93390178  104.1157989
 -530.82615006 -158.96309621  157.76958049  261.09665732  231.17162341
 -499.10004906  -54.73485808  -69.81123741 -176.16070739 -415.64456455
  210.84516535  239.09836501  272.96150012  -26.15423682   65.8216045
 -454.5514351   -58.88743838  259.12070891  471.29757353 -272.38704431
 -294.22265713  438.81802154 -321.15748469  365.88149531  490.25916696
 -321.67964674 -312.86696685 -540.38753283 -505.86522119  168.73769857
 -370.89104301  412.45502735 -391.40082437 -395.11748742  593.17644704
  -72.19799722 -192.07708997 -222.9013089  -161.89668264 -128.01233323
  109.77323615 -456.40479323 -554.17515969  -49.81477943  444.01645726
  521.02377019 -282.66885693 -407.61062419  447.45102775 -314.52081239
  175.0064619   560.29505772  198.16010815  444.84602353 -588.07220986
 -435.55535221  382.64853191  -83.77444697  468.44380255  282.00876948
  224.66780369 -184.65362533 -400.86891914 -413.22949266 -370.64198694
  -93.03448807  426.80812369  -11.88702181  379.1218395   -47.15494505
  -51.20537385  -59.24172225 -105.37084647  481.9364846  -593.49799332
 -243.24939553 -540.94391986  231.80271978  180.16814221  579.58415431
   63.23167335 -119.94720488 -361.47465802  150.05692442  280.0313363
 -148.93769007 -587.90017532  -96.09277378  304.53168538  352.62647161
  503.91055387  413.55170391 -158.40618855  144.85694601  277.47218549
 -367.34657552  485.43204331   82.89162572  158.12829408 -318.88830732
   58.4318455   517.7371896  -197.78538157  186.58130852 -129.70440518
  152.68800148  238.78263229 -123.28183608 -103.63011949  186.17798097
  404.96376784 -154.16425679  -89.75637696  113.53444375   78.77759963
  259.74129379   13.42374863  331.74043542  -12.78671536 -376.87025578
  240.71041786  579.4782226   368.13470173  244.18830816  -18.08070503
 -462.6128787   197.86156534 -161.72587118 -432.13691317   80.22352009
  387.6155317   208.74146425  599.47704801  553.96733311 -529.18445132
 -167.46224095   58.21421105 -285.87924827  116.81692239 -540.81742199
   85.15798968  241.26087949  554.65358071  300.70640581  287.99087036
  -81.91661915  161.05303916  363.69234368 -499.15178879  534.58731364
  499.26848165  122.3826841  -295.75700147  448.36600025   16.04879813
  279.07977755  -93.42282443  553.74315189 -513.59008117   64.12774158
 -249.62726583  429.54929898 -197.11506364  216.23529579 -535.9857362
 -172.19034857   -2.1747397   -78.79651119   74.93776219  139.90175219
 -464.00414101  477.90707414  305.50129205  349.40446243  377.96276277
  203.96656251 -359.00648853 -272.26491779  151.48989854   44.20449292
 -528.60377332 -493.20291673 -274.41117581 -109.05265455  -31.20947033
  490.77462044  115.67125501 -205.26005368  -26.18173636  116.57246654
 -406.04680941  395.29436406  547.35576752  114.48701832 -565.41430876
  374.87992735  132.16468371  241.87889688 -489.36234577  -90.1765116
 -149.26522337 -400.60312916  399.76819279  406.71729189  -58.067251
  547.8625885  -423.29625017  443.87520047  323.23392541  -67.23795923
  144.8856822   542.2776413   167.95775149 -303.34979387 -176.65637247
 -374.69230086  -11.20037248 -108.72014546  -43.85689387  132.96192018
 -514.66535647 -222.91065421  130.07531688 -389.96253148  145.34481665
 -304.90280576  104.84628463    7.23847521  -42.02312279   49.71625946
  530.86368678 -190.06172751 -117.79866046 -230.79555518 -106.04167925
 -256.94911062 -126.85860312    3.50952233  266.39936089 -232.58299819
 -465.28253518  -68.03249829  -39.75828336 -582.1225869   196.80932914
  268.8905677  -262.06181919 -285.67069351  250.11542455  340.55387026
  583.09667523  -32.02414575  483.50873561  -58.63653128  365.40746707
  394.61299158 -400.36575157 -127.19554007   24.94289837  261.62027002
   83.08585415  -47.07555678  -65.64467698 -494.78323724  -67.61537554
 -160.36920635 -236.91098588  422.28248697  311.38809929  539.73565799
   69.56699522 -582.88668175  115.4639169   379.44418     572.47858179
 -333.73432345  244.12468827   26.38626948  519.61145822  255.93434604
 -326.3073607   -60.41513642 -393.35210599  562.53179769 -173.19710581
 -541.08279119  306.48661368  473.84856407 -256.70199986 -298.54424546
  519.28150569 -442.85030763  529.03251967  242.18330393  417.22032415
 -348.87305494  -53.97554521 -502.75120534  421.31529359   74.55483023
 -216.88069002 -150.12523778  441.31383358 -153.41181339 -511.31607428
 -360.07741183 -540.63058399   79.97728686 -453.70623491   26.57317828
 -459.43383797  323.86217467 -149.98038814  388.00291347 -544.04671591
  117.56271726  539.07846633 -253.45534415  466.68529487 -478.10053871
 -521.53412694 -318.55721264  519.74455626 -524.27321457 -282.79908869
  599.360152   -345.69419117   -1.95666158 -251.49329983  207.32553472
  549.6110983   319.84593053  199.3441788  -442.95718469 -485.54040493]

Problem details :  Problem name: Griewank
	C++ class name: class pybind11::object

	Global dimension:			500
	Integer dimension:			0
	Fitness dimension:			1
	Number of objectives:			1
	Equality constraints dimension:		0
	Inequality constraints dimension:	0
	Lower bounds: [-600, -600, -600, -600, -600, ... ]
	Upper bounds: [600, 600, 600, 600, 600, ... ]
	Has batch fitness evaluation: false

	Has gradient: false
	User implemented gradient sparsity: false
	Has hessians: false
	User implemented hessians sparsity: false

	Fitness evaluations: 7000001

	Thread safety: none

