(12_w,25)-aCMA-ES (mu_w=7.3,w_1=23%) in dimension 50 (seed=360588, Thu Jun  4 09:32:48 2020)
Iterat #Fevals   function value  axis ratio  sigma  min&max std  t[m:s]
    1     25 -3.526345642184548e+02 1.0e+00 4.73e-01  5e-01  5e-01 0:00.0
    2     50 -3.533758420710547e+02 1.0e+00 4.63e-01  5e-01  5e-01 0:00.0
    3     75 -3.536377827382678e+02 1.1e+00 4.63e-01  5e-01  5e-01 0:00.0
  498  12450 -4.499553502903975e+02 2.3e+00 1.52e-02  1e-02  1e-02 0:03.0
 1000  25000 -4.499999911652083e+02 2.2e+00 3.93e-06  3e-06  3e-06 0:06.1
 1827  45675 -4.499999999999978e+02 2.2e+00 1.74e-12  8e-13  1e-12 0:11.1
 1923  48075 -4.499999999999992e+02 2.1e+00 3.63e-13  2e-13  2e-13 0:11.7
 1923  48075 -4.499999999999992e+02 2.1e+00 3.63e-13  2e-13  2e-13 0:11.7
termination by {'tolfunhist': 1e-12}
best f-value = -449.9999999999993
solution = [-26.88789884  -4.90903041 -56.82602541 -95.04366961  -4.33977568
 -50.29706885  -2.75289887 -84.85615341 -74.5337273  -60.38027439
 -61.20629046 -53.79117548  -4.57308692 -28.68521742 -87.25376791
 -56.48486646 -50.78741553 -42.89537332 -78.49578055 -76.62817566
 -47.80620519 -78.91999865 -65.53260072 -55.28958734  -6.8978558
 -31.46403574 -22.1279746  -71.8624828  -55.59740568 -47.01394993
 -75.02727078 -72.12981268 -50.36871813 -62.99448664 -96.77179229
 -81.60507136 -96.62765606 -53.33609971 -60.05551455 -63.20197214
  -5.80914325 -72.12204782 -21.86907842 -48.63138484  -2.33450367
 -82.18599214 -13.86416463 -68.07465509 -37.04968423 -83.46476402]
