(20_w,40)-aCMA-ES (mu_w=11.3,w_1=16%) in dimension 500 (seed=410165, Thu Jun  4 09:12:01 2020)
Iterat #Fevals   function value  axis ratio  sigma  min&max std  t[m:s]
    1     40 -3.485335801423377e+02 1.0e+00 1.96e+00  2e+00  2e+00 0:00.0
    2     80 -3.488175296552948e+02 1.0e+00 1.93e+00  2e+00  2e+00 0:00.0
    3    120 -3.490236225780538e+02 1.0e+00 1.90e+00  2e+00  2e+00 0:00.1
   88   3520 -3.570734563485774e+02 1.1e+00 1.66e+00  2e+00  2e+00 0:03.1
  200   8000 -3.639074868197598e+02 1.2e+00 1.84e+00  2e+00  2e+00 0:07.1
  339  13560 -3.701417197060696e+02 1.4e+00 1.88e+00  2e+00  2e+00 0:12.1
  502  20080 -3.758577593559058e+02 1.5e+00 1.75e+00  2e+00  2e+00 0:18.1
  698  27920 -3.827519285570200e+02 1.6e+00 1.62e+00  2e+00  2e+00 0:25.1
  922  36880 -3.903584973044757e+02 1.8e+00 1.46e+00  1e+00  1e+00 0:33.2
 1000  40000 -3.922750126825878e+02 1.8e+00 1.37e+00  1e+00  1e+00 0:36.0
 1279  51160 -3.981823925294397e+02 2.0e+00 1.02e+00  1e+00  1e+00 0:46.0
 1585  63400 -4.037931187342484e+02 2.1e+00 9.26e-01  9e-01  9e-01 0:57.0
 1924  76960 -4.086143385365904e+02 2.3e+00 7.71e-01  8e-01  8e-01 1:09.0
 2000  80000 -4.099318577165746e+02 2.3e+00 6.72e-01  7e-01  7e-01 1:11.7
 2389  95560 -4.148276533887316e+02 2.5e+00 5.77e-01  6e-01  6e-01 1:25.7
 2800 112000 -4.192688658856389e+02 2.8e+00 4.71e-01  5e-01  5e-01 1:40.8
 3000 120000 -4.209353142580505e+02 2.9e+00 4.37e-01  4e-01  5e-01 1:47.9
 3475 139000 -4.252965861801333e+02 3.2e+00 3.58e-01  4e-01  4e-01 2:05.0
 3977 159080 -4.293359518664609e+02 3.6e+00 3.47e-01  3e-01  4e-01 2:23.0
 4000 160000 -4.294619602033696e+02 3.6e+00 3.51e-01  3e-01  4e-01 2:23.8
 4555 182200 -4.346818553899889e+02 4.2e+00 4.28e-01  4e-01  5e-01 2:43.8
 5000 200000 -4.386824010611273e+02 4.5e+00 3.77e-01  4e-01  4e-01 2:59.8
 5608 224320 -4.421966148837591e+02 4.7e+00 2.57e-01  3e-01  3e-01 3:21.8
 6000 240000 -4.437656038712271e+02 4.7e+00 2.01e-01  2e-01  2e-01 3:35.9
 6661 266440 -4.453658820081785e+02 4.7e+00 1.14e-01  1e-01  1e-01 3:59.9
 7000 280000 -4.458652621647881e+02 4.7e+00 9.00e-02  9e-02  1e-01 4:12.2
 7725 309000 -4.468410251396449e+02 4.7e+00 6.52e-02  6e-02  7e-02 4:38.2
 8000 320000 -4.471206284998025e+02 4.7e+00 6.24e-02  6e-02  7e-02 4:48.0
 8774 350960 -4.478351472981570e+02 4.7e+00 3.48e-02  3e-02  4e-02 5:16.0
 9000 360000 -4.480060496397600e+02 4.7e+00 3.14e-02  3e-02  3e-02 5:24.1
 9835 393400 -4.484380910097434e+02 4.6e+00 2.35e-02  2e-02  3e-02 5:54.2
10000 400000 -4.485239732690255e+02 4.6e+00 2.26e-02  2e-02  2e-02 6:00.1
Iterat #Fevals   function value  axis ratio  sigma  min&max std  t[m:s]
10876 435040 -4.489612243581356e+02 4.7e+00 2.17e-02  2e-02  2e-02 6:32.1
11000 440000 -4.490155126016381e+02 4.8e+00 2.01e-02  2e-02  2e-02 6:36.6
11947 477880 -4.493192043295009e+02 4.9e+00 1.12e-02  1e-02  1e-02 7:10.6
12000 480000 -4.493267931797175e+02 4.9e+00 1.06e-02  1e-02  1e-02 7:12.5
2403 lines written in /content/outcmaes/downaxlen.dat
2403 lines written in /content/outcmaes/downfit.dat
2403 lines written in /content/outcmaes/downstddev.dat
2403 lines written in /content/outcmaes/downxmean.dat
2403 lines written in /content/outcmaes/downxrecentbest.dat
