Time taken to compute the optimum :  18.425858736038208

Number of iterations done :  1923

Optimum value of function :  -449.9999999999993

Optimum values of x :  [-26.88789884  -4.90903041 -56.82602541 -95.04366961  -4.33977568
 -50.29706885  -2.75289887 -84.85615341 -74.5337273  -60.38027439
 -61.20629046 -53.79117548  -4.57308692 -28.68521742 -87.25376791
 -56.48486646 -50.78741553 -42.89537332 -78.49578055 -76.62817566
 -47.80620519 -78.91999865 -65.53260072 -55.28958734  -6.8978558
 -31.46403574 -22.1279746  -71.8624828  -55.59740568 -47.01394993
 -75.02727078 -72.12981268 -50.36871813 -62.99448664 -96.77179229
 -81.60507136 -96.62765606 -53.33609971 -60.05551455 -63.20197214
  -5.80914325 -72.12204782 -21.86907842 -48.63138484  -2.33450367
 -82.18599214 -13.86416463 -68.07465509 -37.04968423 -83.46476402]

