Fevals:          Best:       Current:    Mean range:   Temperature:
      1    1.40297e+11    1.40297e+11              1             50
   3000         104479         104479       0.147259             50
   6000        1439.65        1793.73       0.020486             50
   9000        1106.36        1229.99     0.00646483             50
  12000        1062.82         1347.4     0.00610407             50
  15000        1041.38        1405.08     0.00595639             50
  18000        987.922        1829.45     0.00597513             50
  21000        972.022        1274.48     0.00621755             50
  24000        972.022        1161.14     0.00584428             50
  27000        972.022        1609.51     0.00608545             50
  30000        972.022        1551.37     0.00609237             50
  33000        847.113        1187.83      0.0057631        32.4348
  36000        847.113        1224.32     0.00526216        32.4348
  39000        847.113        1063.18     0.00541944        32.4348
  42000        825.509        1203.78     0.00539724        32.4348
  45000         784.49        1237.14      0.0053117        32.4348
  48000         784.49        1478.17     0.00494052        32.4348
  51000         784.49        1002.31     0.00533099        32.4348
  54000         784.49        1134.55     0.00530153        32.4348
  57000         784.49         986.76     0.00526608        32.4348
  60000         784.49        1215.67     0.00536942        32.4348
  63000         784.49        1142.74     0.00539622        21.0403
  66000        717.086        883.121     0.00450291        21.0403
  69000        717.086        891.267     0.00436074        21.0403
  72000        717.086        1165.78     0.00443234        21.0403
  75000        704.637        752.336     0.00424777        21.0403
  78000        654.337        1011.51     0.00448387        21.0403
  81000        654.337        1047.37     0.00444171        21.0403
  84000        654.337        866.115     0.00447818        21.0403
  87000        654.337        1003.66     0.00426914        21.0403
  90000        654.337        902.905     0.00431044        21.0403
  93000        654.337        865.601     0.00432155        21.0403
  96000        606.393        825.023     0.00385821        13.6488
  99000        606.393         855.03     0.00371631        13.6488
 102000        606.393        717.232      0.0037451        13.6488
 105000        606.393        655.733      0.0038908        13.6488
 108000        606.393        828.572     0.00375891        13.6488
 111000        600.238        745.547     0.00406636        13.6488
 114000        600.238        803.254     0.00356426        13.6488
 117000        600.238        774.353     0.00347591        13.6488
 120000        600.238        822.129     0.00386958        13.6488
 123000        600.238        745.923     0.00370811        13.6488
 126000        600.238        626.688     0.00378291         8.8539
 129000        565.322        605.769     0.00305152         8.8539
 132000        565.322        700.024     0.00308641         8.8539
 135000        553.007         614.72     0.00304115         8.8539
 138000        551.009        641.647     0.00296593         8.8539
 141000        551.009         606.73     0.00311518         8.8539
 144000        551.009        630.635     0.00298991         8.8539
 147000        551.009        652.028     0.00315871         8.8539

Fevals:          Best:       Current:    Mean range:   Temperature:
 150000        543.306        613.864     0.00308624         8.8539
 153000        543.306        662.614      0.0032261         8.8539
 156000        543.306        652.644     0.00312167         8.8539
 159000        512.797        563.369     0.00268811        5.74349
 162000        512.797        562.076     0.00251097        5.74349
 165000        511.995        606.071     0.00265339        5.74349
 168000        511.995        597.619     0.00265236        5.74349
 171000        510.176        525.653     0.00263166        5.74349
 174000        505.159        609.152     0.00238428        5.74349
 177000        505.159        566.413      0.0024365        5.74349
 180000        505.159        600.666     0.00254779        5.74349
 183000        505.159        550.364      0.0025948        5.74349
 186000        505.159        620.024     0.00257984        5.74349
 189000        481.334        551.713     0.00222424        3.72578
 192000        481.334        506.614     0.00201974        3.72578
 195000        478.778        548.575     0.00198623        3.72578
 198000        478.778        539.795      0.0020843        3.72578
 201000        478.778        558.273     0.00202068        3.72578
 204000        478.778        508.926     0.00203997        3.72578
 207000        478.778        522.764     0.00201041        3.72578
 210000        478.778        518.059     0.00205757        3.72578
 213000        478.778         520.89     0.00196265        3.72578
 216000        478.778         525.54     0.00206321        3.72578
 219000        478.778        501.702     0.00205126         2.4169
 222000        464.115        471.397     0.00177832         2.4169
 225000        464.115        505.879     0.00164557         2.4169
 228000        464.115        508.308     0.00165296         2.4169
 231000        464.115        503.855     0.00165973         2.4169
 234000        464.115        486.444     0.00158107         2.4169
 237000        464.115         480.83     0.00160946         2.4169
 240000        464.115        487.031     0.00162108         2.4169
 243000        464.115        483.455     0.00152343         2.4169
 246000        462.059        479.577     0.00159222         2.4169
 249000        462.059        474.674     0.00160298         2.4169
 252000        456.007         483.77     0.00144157        1.56783
 255000        456.007        478.206     0.00131877        1.56783
 258000        456.007        481.141     0.00130673        1.56783
 261000        456.007        479.864     0.00121225        1.56783
 264000        456.007        468.433     0.00129992        1.56783
 267000        456.007        471.061     0.00126639        1.56783
 270000        456.007        477.741     0.00119508        1.56783
 273000        455.859        474.416     0.00128643        1.56783
 276000        455.859        476.257     0.00120739        1.56783
 279000        455.859        470.297     0.00132407        1.56783
 282000        455.859         468.13     0.00132333        1.01705
 285000        454.086        454.417      0.0011052        1.01705
 288000        451.875        457.363     0.00102734        1.01705
 291000        451.875        462.976     0.00108609        1.01705
 294000         451.04        468.378     0.00104934        1.01705
 297000         451.04        471.071     0.00103885        1.01705

Fevals:          Best:       Current:    Mean range:   Temperature:
 300000        448.164        455.581     0.00107192        1.01705
 303000        447.796        453.607     0.00104202        1.01705
 306000        447.796         461.76     0.00108941        1.01705
 309000        445.041        446.992     0.00100327        1.01705
 312000        445.041        450.068     0.00101657        1.01705
 315000         441.13        452.605    0.000924236       0.659754
 318000        438.482        446.794    0.000833923       0.659754
 321000        438.482        447.178    0.000803442       0.659754
 324000        438.482        448.969    0.000812274       0.659754
 327000        438.482        443.423    0.000783975       0.659754
 330000        438.171        443.567    0.000789043       0.659754
 333000        438.171        447.888    0.000745716       0.659754
 336000        436.138        447.929    0.000771334       0.659754
 339000        436.138        440.405     0.00077221       0.659754
 342000        434.954        438.724    0.000740733       0.659754
 345000        432.636        436.035     0.00074077        0.42798
 348000        431.221        434.981    0.000621977        0.42798
 351000        431.221        437.966    0.000597977        0.42798
 354000        431.221        436.783    0.000605798        0.42798
 357000        431.205        435.716    0.000597618        0.42798
 360000        429.453        434.242    0.000593381        0.42798
 363000        429.453        434.483     0.00058732        0.42798
 366000        429.453        440.193    0.000577506        0.42798
 369000        429.453        435.058    0.000595852        0.42798
 372000        429.453        441.595    0.000632414        0.42798
 375000        429.453        435.492    0.000584583        0.42798
 378000        427.092        430.676    0.000491992       0.277629
 381000        427.092        431.605    0.000461019       0.277629
 384000        427.092        429.464    0.000456211       0.277629
 387000        427.092        429.308    0.000483405       0.277629
 390000        426.902        429.759    0.000483056       0.277629
 393000        426.902        429.553    0.000468021       0.277629
 396000        426.628        430.183    0.000459637       0.277629
 399000         426.02        428.315    0.000462145       0.277629
 402000         426.02        428.361    0.000472482       0.277629
 405000         425.69        428.134    0.000460804       0.277629
 408000          424.5        425.576    0.000412777       0.180097
 411000        423.956        425.008    0.000359569       0.180097
 414000        423.956        426.332     0.00035311       0.180097
 417000        423.257         424.68    0.000346349       0.180097
 420000         423.02        425.413    0.000353186       0.180097
 423000         423.02        424.402    0.000367563       0.180097
 426000         423.02        425.156    0.000376943       0.180097
 429000         423.02        423.786    0.000349751       0.180097
 432000        422.824        423.812    0.000372903       0.180097
 435000        421.901        423.107    0.000350042       0.180097
 438000        420.618        421.414     0.00035577       0.116828
 441000        419.816         421.33    0.000287328       0.116828
 444000        418.995        419.538    0.000286863       0.116828
 447000        418.807        420.538    0.000280256       0.116828

Fevals:          Best:       Current:    Mean range:   Temperature:
 450000        418.807        420.011    0.000274153       0.116828
 453000        418.424        418.929    0.000277477       0.116828
 456000        417.724        418.904    0.000284681       0.116828
 459000        417.347        419.888    0.000273019       0.116828
 462000        416.593        418.385    0.000251685       0.116828
 465000        415.934        416.771    0.000265324       0.116828
 468000        415.934        416.784    0.000275719       0.116828
 471000        415.895        417.109    0.000236411      0.0757858
 474000         415.38        416.692    0.000225663      0.0757858
 477000         415.38        416.646    0.000210053      0.0757858
 480000        415.359        416.226     0.00020919      0.0757858
 483000        415.284        415.479    0.000220521      0.0757858
 486000        414.634        415.061    0.000226452      0.0757858
 489000        414.292        414.847    0.000212408      0.0757858
 492000        413.568        414.513    0.000201218      0.0757858
 495000        413.324        413.626    0.000213173      0.0757858
 498000         412.63         412.96     0.00021016      0.0757858
 501000        411.631         412.03    0.000210696       0.049162
 504000        411.237        412.068    0.000177492       0.049162
 507000         411.01        411.481    0.000164654       0.049162
 510000        410.638        411.124    0.000162629       0.049162
 513000        409.956          410.3    0.000167248       0.049162
 516000        409.956        410.657    0.000161461       0.049162
 519000        409.856        409.856    0.000161857       0.049162
 522000        409.189        409.399     0.00015868       0.049162
 525000        408.731        409.029    0.000144555       0.049162
 528000        408.606        409.028     0.00016389       0.049162
 531000        408.409        409.055    0.000166083       0.049162
 534000        407.783        408.108    0.000128032      0.0318912
 537000        407.057        407.079    0.000130486      0.0318912
 540000         406.77        406.985    0.000128004      0.0318912
 543000        406.302        406.511    0.000124529      0.0318912
 546000        405.752        406.125    0.000124446      0.0318912
 549000        405.442        405.786    0.000120092      0.0318912
 552000        405.009        405.171     0.00012304      0.0318912
 555000        404.471        404.972    0.000123148      0.0318912
 558000        403.715         404.04    0.000113116      0.0318912
 561000        403.484        403.524    0.000115335      0.0318912
 564000        402.887        402.988    0.000104643      0.0206877
 567000        402.365        402.444    9.17241e-05      0.0206877
 570000        401.961         402.01     9.4971e-05      0.0206877
 573000        401.783        402.003    8.60611e-05      0.0206877
 576000        401.267        401.328    8.80977e-05      0.0206877
 579000        400.661        400.661    8.60429e-05      0.0206877
 582000        400.043        400.319    8.92607e-05      0.0206877
 585000        399.457        399.613    8.31105e-05      0.0206877
 588000        399.111         399.76    8.76785e-05      0.0206877
 591000        398.671        398.821    8.77612e-05      0.0206877
 594000        398.104        398.186    8.47686e-05        0.01342
 597000        397.521        397.612    7.24735e-05        0.01342

Fevals:          Best:       Current:    Mean range:   Temperature:
 600000        397.142        397.142     6.7734e-05        0.01342
 603000        396.463        396.592    6.96549e-05        0.01342
 606000        395.999        396.105    6.57969e-05        0.01342
 609000        395.638        395.683    6.84375e-05        0.01342
 612000        395.308        395.334    6.60702e-05        0.01342
 615000        395.081        395.191    6.17472e-05        0.01342
 618000        394.635        394.713    6.04256e-05        0.01342
 621000         394.48        394.701    6.35975e-05        0.01342
 624000        394.058         394.21     6.5743e-05        0.01342
 627000        393.517        393.518    5.79167e-05     0.00870551
 630000        393.183        393.232    5.09952e-05     0.00870551
 633000        392.882         392.96    5.16483e-05     0.00870551
 636000        392.477        392.511    5.03626e-05     0.00870551
 639000        392.075        392.159    5.03132e-05     0.00870551
 642000        391.616        391.663    5.04643e-05     0.00870551
 645000        391.428        391.488    4.61131e-05     0.00870551
 648000        391.167        391.283    4.60263e-05     0.00870551
 651000        390.992        391.061    4.75143e-05     0.00870551
 654000        390.777        390.777    4.70659e-05     0.00870551
 657000        390.524        390.552    4.82863e-05     0.00564723
 660000        390.455        390.506    4.14476e-05     0.00564723
 663000        390.396        390.455    3.74856e-05     0.00564723
 666000        390.339        390.396    3.80305e-05     0.00564723
 669000        390.312        390.352    3.62126e-05     0.00564723
 672000        390.292        390.335    3.55205e-05     0.00564723
 675000        390.231        390.281    3.67634e-05     0.00564723
 678000        390.205        390.336    3.84228e-05     0.00564723
 681000        390.192        390.256    3.64357e-05     0.00564723
 684000         390.18        390.284     3.9808e-05     0.00564723
 687000         390.17        390.229    3.81547e-05     0.00564723
 690000        390.124        390.145    3.37614e-05     0.00366333
 693000        390.123        390.152    3.12993e-05     0.00366333
 696000        390.116        390.132      3.013e-05     0.00366333
 699000        390.102        390.123    2.97537e-05     0.00366333
 702000        390.096         390.15    3.04355e-05     0.00366333
 705000        390.096        390.152    2.88459e-05     0.00366333
 708000        390.095        390.116    2.90914e-05     0.00366333
 711000        390.088        390.117    3.01765e-05     0.00366333
 714000        390.085         390.13    3.08876e-05     0.00366333
 717000        390.083        390.147    3.02618e-05     0.00366333
 720000        390.062        390.092    2.93518e-05     0.00237639
 723000        390.056        390.103    2.49853e-05     0.00237639
 726000        390.055        390.079    2.38189e-05     0.00237639
 729000        390.055        390.069    2.32973e-05     0.00237639
 732000        390.051         390.08    2.39334e-05     0.00237639
 735000        390.051        390.089    2.35861e-05     0.00237639
 738000        390.051        390.074    2.43509e-05     0.00237639
 741000        390.048        390.077     2.4016e-05     0.00237639
 744000        390.048        390.066    2.44613e-05     0.00237639
 747000        390.048        390.063     2.3539e-05     0.00237639

Fevals:          Best:       Current:    Mean range:   Temperature:
 750000        390.044        390.087    2.36086e-05     0.00237639
 753000        390.035        390.053    1.96819e-05     0.00154155
 756000         390.03         390.05     1.8384e-05     0.00154155
 759000         390.03        390.056    1.87519e-05     0.00154155
 762000        390.025        390.049    1.76841e-05     0.00154155
 765000        390.025        390.042    2.04504e-05     0.00154155
 768000        390.024        390.043    2.02084e-05     0.00154155
 771000        390.022        390.039    1.85284e-05     0.00154155
 774000        390.022        390.046    1.90845e-05     0.00154155
 777000        390.022        390.043    1.88504e-05     0.00154155
 780000        390.022        390.034    1.91085e-05     0.00154155