Gen:        Fevals:         gbest:     Mean Vel.:    Mean lbest:    Avg. Dist.:
      1             50       -118.516       0.232545       -118.456        8.65162
    501          25050        -119.82      0.0903594       -119.708        4.12498
   1001          50050       -122.502      0.0197103       -122.255        2.57078
   1501          75050       -124.879      0.0053524        -124.52        1.84553
   2001         100050       -126.945      0.0329432       -126.435        1.43298
   2501         125050       -128.426     0.00188972       -128.098        1.08768
   3001         150050       -129.509      0.0163719       -129.187       0.966849
   3501         175050       -130.609      0.0111024       -130.254       0.758757
   4001         200050       -131.673     0.00349563         -131.4       0.602992
   4501         225050       -132.636    0.000637952       -132.277       0.449968
   5001         250050       -133.224    0.000527066       -132.969       0.372447
   5501         275050       -133.661    7.82409e-05       -133.474       0.306918
   6001         300050       -133.979    0.000181253       -133.756       0.296989
   6501         325050        -134.19    0.000116537       -133.943       0.281945
   7001         350050       -134.404    9.68254e-05       -134.165       0.286439
   7501         375050       -134.593    7.92446e-06       -134.374        0.25202
   8001         400050       -134.778    5.51543e-05       -134.562       0.244072
   8501         425050       -134.968    8.37862e-05       -134.728       0.245411
   9001         450050       -135.046    3.06048e-05        -134.84        0.23465
   9501         475050       -135.169    0.000205337       -135.034       0.184237
  10001         500050       -135.247    0.000131515       -135.092       0.189323
  10501         525050       -135.369     1.0324e-05       -135.172       0.203109
  11001         550050       -135.487    1.44745e-05       -135.279       0.191719
  11501         575050       -135.577     1.6198e-05       -135.346       0.194887
  12001         600050       -135.629    2.91861e-05       -135.399       0.176482
  12501         625050       -135.696    5.81301e-05       -135.445       0.182305
  13001         650050       -135.815    1.52478e-05       -135.525         0.1807
  13501         675050       -135.879     0.00021581        -135.58       0.188747
  14001         700050        -135.99     7.9639e-05       -135.636       0.198939
  14501         725050        -136.04    6.53135e-05       -135.696       0.181703
  15001         750050       -136.049    4.54956e-05       -135.704       0.185669
  15501         775050       -136.054    8.21482e-06        -135.76       0.169098
  16001         800050       -136.144    8.87591e-06       -135.877       0.151307
  16501         825050       -136.173    3.03798e-05       -135.901        0.15458
  17001         850050       -136.392    0.000404507       -136.057       0.181835
  17501         875050       -136.562    0.000300264       -136.235       0.158619
  18001         900050       -136.636    2.93246e-05       -136.432        0.11685
  18501         925050       -136.651    1.11894e-05       -136.511      0.0883215
  19001         950050       -136.705    0.000127546       -136.599       0.060399
  19501         975050       -136.712    2.56499e-05       -136.708      0.0117002
  20001        1000050       -136.716    4.42472e-05       -136.715     0.00352581
  20501        1025050       -136.717    9.70621e-06       -136.717     0.00258881
  21001        1050050       -136.719    5.08786e-06       -136.719     0.00214338
  21501        1075050        -136.72    1.26496e-05        -136.72     0.00178133
  22001        1100050       -136.735    8.46894e-06       -136.735      0.0016153
  22501        1125050       -136.736    5.63412e-07       -136.736    0.000901903
  23001        1150050       -136.736     1.7676e-06       -136.736    0.000684489
  23501        1175050       -136.736    8.64091e-06       -136.736    0.000660544
  24001        1200050       -136.736    8.94448e-06       -136.736    0.000455956
  24501        1225050       -136.736    6.60555e-06       -136.736    0.000367522

   Gen:        Fevals:         gbest:     Mean Vel.:    Mean lbest:    Avg. Dist.:
  25001        1250050       -136.736     6.2537e-06       -136.736    0.000258137
  25501        1275050       -136.736    3.16856e-06       -136.736     0.00021104
  26001        1300050       -136.736    2.49872e-06       -136.736    0.000162987
  26501        1325050       -136.736    7.26733e-07       -136.736    0.000112914
  27001        1350050       -136.736    2.23341e-07       -136.736    8.37004e-05
  27501        1375050       -136.736     2.3826e-07       -136.736    6.57452e-05
  28001        1400050       -136.736    4.92159e-08       -136.736     5.4538e-05
  28501        1425050       -136.736    6.63527e-07       -136.736    4.06138e-05
  29001        1450050       -136.736    4.40882e-07       -136.736    3.21856e-05
  29501        1475050       -136.736    7.33271e-08       -136.736    2.26148e-05
  30001        1500050       -136.736    5.49793e-08       -136.736    1.55805e-05
  30501        1525050       -136.736    9.09361e-09       -136.736    1.17937e-05
  31001        1550050       -136.736    8.77079e-08       -136.736    9.08926e-06
  31501        1575050       -136.736    3.91647e-08       -136.736    7.30303e-06
  32001        1600050       -136.736     8.7584e-08       -136.736    6.19457e-06
  32501        1625050       -136.736    1.33839e-07       -136.736    4.52938e-06
  33001        1650050       -136.736    8.57483e-09       -136.736    3.18159e-06
  33501        1675050       -136.736    1.48275e-09       -136.736     2.1972e-06
  34001        1700050       -136.736    4.05789e-09       -136.736    1.54338e-06
  34501        1725050       -136.736     1.4629e-09       -136.736    1.26724e-06
  35001        1750050       -136.736    8.44124e-10       -136.736    9.45654e-07
  35501        1775050       -136.736    4.76992e-09       -136.736    6.94355e-07
  36001        1800050       -136.736    7.60728e-09       -136.736    5.14483e-07
  36501        1825050       -136.736    3.97362e-09       -136.736    3.97927e-07
  37001        1850050       -136.736    1.75841e-09       -136.736    2.45963e-07
  37501        1875050       -136.736    6.00653e-09       -136.736    2.08248e-07
  38001        1900050       -136.736    4.04533e-09       -136.736    1.62021e-07
  38501        1925050       -136.736    1.67619e-09       -136.736    1.36166e-07
  39001        1950050       -136.736    3.05257e-10       -136.736    9.90464e-08
  39501        1975050       -136.736    8.83096e-11       -136.736    7.82258e-08
  40001        2000050       -136.736    4.03428e-10       -136.736    6.57527e-08
  40501        2025050       -136.736    4.80956e-10       -136.736    4.75202e-08
  41001        2050050       -136.736    5.08782e-10       -136.736    4.36683e-08
  41501        2075050       -136.736    5.33206e-11       -136.736    3.78178e-08
  42001        2100050       -136.736    8.70783e-11       -136.736    3.15619e-08
  42501        2125050       -136.736    4.70533e-10       -136.736     3.0451e-08
  43001        2150050       -136.736    4.10508e-10       -136.736    2.43297e-08
  43501        2175050       -136.736    1.82903e-14       -136.736     2.4547e-08
  44001        2200050       -136.736    2.81657e-11       -136.736    2.50308e-08
  44501        2225050       -136.736    2.44116e-11       -136.736    2.92161e-08
  45001        2250050       -136.736    7.54346e-11       -136.736    2.32941e-08
  45501        2275050       -136.736    1.66308e-24       -136.736    1.68643e-08
  46001        2300050       -136.736    2.29864e-48       -136.736    1.66864e-08
  46501        2325050       -136.736    3.19281e-10       -136.736    1.75961e-08
  47001        2350050       -136.736    2.69775e-10       -136.736    1.88779e-08
  47501        2375050       -136.736    3.83425e-10       -136.736      1.564e-08
  48001        2400050       -136.736    1.48602e-10       -136.736    1.57746e-08
  48501        2425050       -136.736    5.78973e-39       -136.736    1.63411e-08
  49001        2450050       -136.736    1.13763e-14       -136.736    1.71191e-08
  49501        2475050       -136.736    2.27257e-27       -136.736    1.49722e-08

   Gen:        Fevals:         gbest:     Mean Vel.:    Mean lbest:    Avg. Dist.:
  50001        2500050       -136.736    1.11289e-50       -136.736    1.44747e-08
  50501        2525050       -136.736    4.07471e-56       -136.736    1.33596e-08
  51001        2550050       -136.736    1.40918e-10       -136.736    1.68498e-08
  51501        2575050       -136.736    2.29386e-29       -136.736    1.49963e-08
  52001        2600050       -136.736    6.73092e-11       -136.736    1.57599e-08
  52501        2625050       -136.736    4.31968e-14       -136.736    1.61943e-08
  53001        2650050       -136.736    5.96905e-11       -136.736     1.6213e-08
  53501        2675050       -136.736    9.39559e-17       -136.736    1.64643e-08
  54001        2700050       -136.736    6.20438e-40       -136.736    1.51499e-08
  54501        2725050       -136.736    1.77946e-13       -136.736    2.07666e-08
  55001        2750050       -136.736    1.87094e-10       -136.736    2.05422e-08
  55501        2775050       -136.736    9.40778e-12       -136.736    1.90995e-08
  56001        2800050       -136.736    3.64911e-13       -136.736    1.98579e-08
  56501        2825050       -136.736    2.58485e-10       -136.736    1.94684e-08
  57001        2850050       -136.736    1.51904e-10       -136.736    1.63296e-08
  57501        2875050       -136.736    2.99534e-10       -136.736    2.18793e-08
  58001        2900050       -136.736    3.94622e-13       -136.736    2.27847e-08
  58501        2925050       -136.736     4.3915e-10       -136.736    1.93816e-08
  59001        2950050       -136.736    8.17359e-13       -136.736    1.59607e-08
  59501        2975050       -136.736    1.79801e-34       -136.736    1.43884e-08
Exit condition -- generations = 60000