time taken to compute the optimum (in seconds):  312.0887064933777

number of iterations done :  60000.0

optimum value of function :  [-136.73619323]

optimum values of x :  [ 29.89286283 -16.13168916   5.44600842  -1.80559847  21.55070062
  13.79857267  -2.61194005 -28.88978153  20.2489763   -3.3177981
   7.89048738  17.51622217  25.30877824  12.36519736 -18.45948471
  -5.65762729  26.12818194  25.97881305  -6.34833417  23.61897194
 -25.5619752   -9.79245863  17.82544319 -29.4083221  -21.66654709
 -18.79863345 -18.07669522   6.22754876 -15.59596186 -18.07114376
 -28.11901786  14.80714067  -2.32966753  26.87342133  -1.0757929
  -4.8810319   19.80873842   0.54460334 -19.76839598  11.29279482
  21.25165328 -28.8216292    9.9120831   -7.23113895  18.9432145
   1.13331965  11.60373702  -5.2310047   -9.79572058 -19.58532175
 -18.39413063  10.93339333 -12.79868243   3.46497783 -21.91216811
  10.90936233  -7.29761997  21.60069635  20.2547613    7.54101208
  -0.20685304  23.02160393  18.33320317   8.69462311  20.04300702
   9.61365345 -10.4463095  -12.61644624  -8.56383932   2.044741
  14.59133959 -11.44259042  20.30976276   5.0488942   -5.8479493
  14.09163218   2.79426903  -2.34264103  12.63858102   7.27860784
  16.72471831  26.44606036   1.35542082  22.80853235 -18.65808487
  30.71205108 -13.7131645  -15.82478575  23.5090606   14.23835922
 -21.8088755  -31.22183619  23.63387795 -18.051716   -12.07661914
   8.72200806 -12.93548458  -2.81108947 -24.1858951   29.30009629
   4.96750096  -4.59022457  -0.03384144 -10.92745787  -3.0610576
 -16.44300787   5.75295897  15.62190063   0.82484051   7.4670433
 -16.49128921  -7.21089775  16.99971903   8.9235078   -1.36974588
   2.14248534  17.65263916 -26.44904445   6.17214509 -32.
  -5.07750832 -13.62731674  22.46203029 -30.06397665  16.07702344
  29.21524282  28.44040893  16.36715485  -4.64503456  -0.10132188
 -18.12674668   8.60953729  -9.83331876  28.57046259  12.63335952
  -5.28280747  14.67394694 -13.92316494  -3.6045414   26.00280655
  10.03539288 -18.21095462  20.35429446   6.76252943 -21.00908852
 -17.57203622   6.43193662   7.7932709   -7.77139047   4.50886681
  -0.9872731  -27.3662805  -28.3688927  -12.20344373 -29.22824559
  -6.96196275  10.98695805 -25.39399882 -27.87970062   7.70827543
   7.4769682  -30.01895752 -28.05415732 -17.63097807   6.1796548
 -27.50968126  -6.98137119   7.8870698   13.05806524  11.56016372
 -24.95525642  -2.73869104  -3.49030201  -7.84042619 -19.81907166
  10.53867901  10.98825304  14.61509432  -0.33239063   2.32597253
 -22.73717324  -1.99021704  13.91752349  23.57049658 -12.64930519
 -16.64107971  22.90075536 -16.05897775  18.29230457  24.50385264
 -15.12179427 -15.64124605 -26.0501844  -27.22419286   7.48437794
 -16.61956848  20.63216996 -19.56598503 -20.71697778  29.65772946
  -3.61254865  -8.63257658  -9.21972391  -9.05984338  -8.3328643
   5.49151213 -22.81520303 -28.67681883  -2.48412266  22.19204097
  26.05419111 -15.09759663 -20.38197962  22.37131536 -14.76263505
   9.71442169  28.01324514   8.93132613  21.25831496 -29.40436179
 -20.8148599   20.08989625  -4.19003713  23.41930346  14.09449265
  12.20396223  -9.23328187 -20.03791575 -20.66324553 -17.56847458
  -4.65290841  23.28577982  -0.58500085  18.95608614  -3.31835669
  -2.55873728  -2.95866701  -4.3023099   23.13204291 -30.62951032
 -11.19111261 -27.05025077  11.59082723   9.97093112  28.97926689
   2.19584794  -7.92282643 -18.07268882   6.54751492  14.00176802
  -7.4468712  -28.44286573  -4.8085317   16.18472406  17.63230652
  25.1974325   21.64783658  -9.86206441   7.24807989  11.94939848
 -18.36640918  25.25328665   4.15234503   7.90739572 -16.89976928
   0.99969012  26.85954764  -9.88815421   8.36731676  -6.48574762
   7.63888729  11.94480834  -7.13350939  -5.18226635  10.27732333
  20.2551059   -8.66806464  -4.48481051   5.67980222   2.01707689
  13.95709051   0.67868681  16.58407271   0.32527512 -17.88118642
  13.00267093  28.96252807  18.39826502  12.21405957  -0.90217686
 -24.08777733   8.92678757  -9.04211309 -21.59733259   4.006368
  18.41595214  11.40146451  29.96683826  28.66273098 -26.46827007
  -7.41678333   4.83800616 -13.32927924   5.8406909  -27.04332039
   4.26344971  12.05143401  28.70184226  16.9583313   14.39958269
  -4.08759686   7.09141083  18.1815804  -24.96713956  26.72776723
  23.99200105   6.1192455  -14.78636523  22.40704836   0.80404277
  13.95903897  -4.66640488  27.68219995 -24.71189893   3.20447801
 -12.48096475  22.44235727  -9.85469176   9.84768442 -27.75788128
  -6.67343036  -0.10172423  -4.89811431   3.74750509   6.99726781
 -22.23505468  22.93055789  14.30853593  17.46739167  18.89712413
  10.20023183 -16.98286867 -12.65016378   6.60953156   3.17564828
 -26.42975699 -24.66229445 -13.72150952  -5.45566106  -1.55751301
  23.57481431   6.73937491 -10.26268188  -0.34378789   5.8302468
 -21.27762132  19.76845504  28.33189087   4.76833315 -28.27510718
  18.72706907   6.60681454  11.1250095  -25.4327744   -2.57941415
  -8.42994706 -20.03075512  19.98908762  20.31838219  -3.86770473
  28.36062939 -20.20625917  22.19597577  16.16618396  -3.35030294
   8.20175379  27.10135682   8.40057948 -16.12488875  -7.87333372
 -18.72837113  -1.5258852   -5.44354023  -2.18846514   5.69206642
 -26.69443862 -12.10772919   7.46756594 -19.49878892  10.1467517
 -15.242404     5.24149286   0.36320723  -1.14871798   3.44968249
  27.50414081  -9.49445465  -4.92719287 -11.53872381  -6.27046893
 -13.80819268  -6.35234329   0.18086908  14.28333738 -12.5920338
 -24.23472389  -3.40260243  -1.99424672 -29.11986732   9.84311201
  13.44370248 -13.10198394 -15.25542578  13.47283072  17.03154138
  28.20492188  -1.59943773  24.16913012  -2.93647438  19.23555504
  20.69641514 -20.98833951  -4.43840224   1.24544907  14.05198482
   4.15137105  -1.38708301  -2.31703019 -25.69987023  -3.3910069
  -8.98655583 -12.81251736  22.07522839  14.60421665  28.91279452
   3.47631048 -29.14601903   5.77062513  19.93688915  29.59008788
 -17.65006178  12.22102026   2.2882015   24.04658602  11.83672005
 -15.35311922  -3.02147373 -19.66801832  27.16466207  -8.65703369
 -27.05719029  15.3203142   24.65331234 -12.83102104 -15.89251374
  25.96417147 -21.17650529  27.41371912  12.11119039  20.86058811
 -17.44370152  -2.69449861 -25.13557665  21.06734417   1.79568325
 -10.84222203  -7.50604431  22.06774182  -9.59666304 -25.57859676
 -18.00972025 -27.03040328   4.00258676 -24.61175232   2.29125238
 -22.9763908   16.19510865  -7.49665224  19.40323223 -27.20183137
   5.87479574  26.94902357 -13.6366874   23.32995655 -23.90487123
 -26.08112961 -16.90656262  25.98590502 -25.24777969 -14.14694001
  31.89913779 -16.31617574   0.8691345  -12.57070229   9.40071807
  28.44401373  15.99309201  10.93197089 -22.14331072 -26.20245649]

problem details :  Problem name: Ackley
	C++ class name: class pybind11::object

	Global dimension:			500
	Integer dimension:			0
	Fitness dimension:			1
	Number of objectives:			1
	Equality constraints dimension:		0
	Inequality constraints dimension:	0
	Lower bounds: [-32, -32, -32, -32, -32, ... ]
	Upper bounds: [32, 32, 32, 32, 32, ... ]
	Has batch fitness evaluation: false

	Has gradient: false
	User implemented gradient sparsity: false
	Has hessians: false
	User implemented hessians sparsity: false

	Fitness evaluations: 3000050

	Thread safety: none

