Time taken to compute the optimum (in seconds):  590.9783806800842

Number of iterations done :  7000000.0

Optimum value of function :  [-139.97661811]

Optimum values of x :  [ 27.0097924  -16.1244977    6.41238778  -0.83896233  23.45575775
  15.72550618  -2.61129355 -28.89726568  19.28459883  -3.3194999
   6.92388156  17.50636356  25.31286888  14.29861147 -19.42136598
  -5.65665377  26.12856049  25.01760636  -5.38385648  23.60867597
 -26.53028258  -8.82956156  18.78110209 -29.41474323 -21.65925522
 -17.83379309 -18.07053183   6.22050654 -13.66327224 -18.07178647
 -29.07978378  14.80421573  -3.2928914   25.90754438  -2.04405844
  -4.8820627   20.76934546   1.51287948 -17.83145519  10.32855177
  20.28308899 -28.81367287  10.87289802  -7.23463901  19.91315926
   0.1700195   12.56827584  -4.26712619 -11.72435899 -18.624416
 -18.39393395  10.92597926 -11.81475535   2.50588239 -20.95365523
  11.88441889  -7.30028429  21.59675178  21.21706214   5.61730852
  -0.20969977  23.98889508  19.30645645   8.69358046  19.07832985
   9.61187376  -9.47870627 -12.612914    -9.5219689    2.04462446
  13.6319734  -11.44091081  20.30312787   4.08756801  -7.77865538
  12.17551195   2.78883713  -3.30187444  11.66040514   7.28164106
  17.68927831  27.41833996   1.35210024  22.80553974 -19.62204628
  28.78632285 -13.72740309 -14.8602674   22.54509191  14.23721407
 -21.80810233 -29.29631258  23.63400739 -18.03622295 -12.07416379
   9.68574759 -12.93232447  -1.85310937 -26.10898126  29.29979521
   4.94884337  -4.59278676   0.92513599  -9.96326554  -4.02603945
 -16.44589908   4.78975514  15.61957005   1.7955018    8.43181747
 -17.45028175  -7.20392682  17.00043506  10.84688942  -2.33384647
   4.06981504  17.65195297 -26.44883867   6.17783511 -26.98428697
  -5.08370278 -11.68852716  22.44698169 -29.10086693  16.06253703
  28.25612399  29.40219567  17.32939119  -3.67503582  -0.098807
 -17.15902482   8.61383647 -10.79233202  27.60385894  13.59892194
  -5.27635658  14.67542783 -13.92213016  -3.61098026  26.00337759
  11.00109375 -17.24803351  20.35890864   7.7305802  -21.97311749
 -17.569814     6.43324701   7.79540795  -7.76873544   4.5090695
  -2.9133456  -27.36725247 -28.37615078 -11.2304722  -29.2292318
  -6.9561752   10.98717287 -24.43288532 -27.8785381    6.73372201
   6.51302081 -29.04952013 -29.02324939 -18.59157144   5.21629712
 -26.53856504  -7.94598824   7.88797369  13.05756818  11.5517561
 -24.95524414  -2.73857421  -3.49053327  -8.80548308 -20.77300398
  10.53869667  11.96142437  13.65191948  -1.29909343   3.29208179
 -22.73483481  -2.95435736  12.95260651  23.56478975 -13.61617867
 -14.7118533   21.93230684 -16.05840668  18.29078     24.50881767
 -16.07931938 -15.64245004 -27.0138355  -25.30902696   8.45929804
 -18.54889134  20.63401869 -19.56374281 -19.75444523  29.65929641
  -3.61297294  -9.59643684 -11.14442506  -8.09472138  -6.40834182
   5.4925531  -22.81177948 -27.7030185   -2.48360832  22.18416551
  26.05773695 -14.13486965 -20.38371713  22.3696569  -15.73414958
   8.74431906  28.01161916   9.89517014  22.22573005 -29.39747911
 -21.78068446  19.13839554  -4.18883539  23.41815314  14.11370548
  11.23792848  -9.23204217 -20.04481309 -20.667306   -18.535133
  -4.65334578  21.37087529  -0.58625648  18.95083343  -2.35277179
  -2.56031472  -2.96031856  -5.26200196  24.1042691  -29.66382655
 -12.16421328 -27.04738503  11.59298083   9.00981769  28.98327075
   3.16046885  -5.9943896  -18.0725067    7.51028085  14.01147618
  -7.44660254 -29.41251685  -4.80465718  15.2182874   17.6323639
  25.20409433  20.68732763  -7.93934106   7.24731752  13.86741305
 -18.36736498  24.29314528   4.1537235    7.90057982 -15.92765076
   2.92807716  25.88715505  -9.88787774   9.32902241  -6.48590337
   7.63652913  11.93402409  -6.16032977  -5.18983294   9.31087248
  20.25828007  -7.70877687  -4.48564218   5.67924104   3.93783365
  12.99220214   0.67695717  16.58254709  -0.63916657 -18.84348693
  12.0412583   28.96719657  18.39533007  12.21497062  -0.90519167
 -23.12474033   9.87877138  -8.08310213 -21.60157276   4.01052337
  19.38149756  10.44231372  29.9672677   27.69789274 -26.47187829
  -8.37736694   2.89533449 -14.2887787    5.84032915 -27.0441861
   4.26404696  12.05289501  27.73786201  15.03289293  14.39759672
  -4.08217376   8.0443547   18.16962576 -24.97484915  26.72637677
  24.95424255   6.12140252 -14.7796515   22.40961022   0.7892775
  13.96476432  -4.67420897  27.67614239 -25.67242759   3.19970117
 -12.47723297  21.47878952  -9.85047037  10.81286336 -26.79314046
  -8.60291146  -0.10111857  -3.94585347   3.75255588   6.99868746
 -23.20620614  23.89638841  15.27336588  17.46687894  18.89464468
  10.20231571 -17.94664122 -13.61568301   7.57910595   2.210699
 -26.42698503 -24.66045139 -13.72103276  -5.4634003   -1.55744705
  24.54184585   5.77485086 -10.26780314  -1.30741512   5.81649103
 -20.31861049  19.76575124  27.36608162   5.73383301 -28.26376563
  18.72101458   6.61659143  12.08977542 -24.46755698  -4.50101037
  -7.46565027 -20.03305968  19.99054692  20.3200162   -2.9100693
  27.39506857 -21.17020821  22.18406804  16.16688355  -3.35363095
   7.24223708  27.10270553   8.39884492 -15.16192024  -8.83173962
 -18.72901081  -0.56119916  -5.44761429  -2.17373762   6.65308052
 -25.72788651 -11.13576785   6.49330362 -19.49877033   7.26909333
 -15.24931066   5.23748292   0.35774558  -2.13413073   2.48884399
  26.53887871  -9.50578814  -5.89828989 -11.53677127  -5.30373887
 -12.84657398  -6.34217136   0.18178275  13.32408954 -11.62355784
 -23.27118127  -3.40289552  -1.99174775 -29.11824897   9.84455894
  13.44414497 -13.10409812 -14.29278847  12.50955218  17.02749789
  29.18800325  -1.60626633  24.1684796   -2.9345462   18.27580167
  19.72981716 -20.02103831  -6.36571785   1.24576299  13.08257859
   4.15994227  -2.35446211  -3.28558463 -24.73083764  -3.3974607
  -8.02092042 -11.85555786  21.12104641  15.56932872  26.97097365
   3.48246804 -29.14730682   5.76914264  18.97301531  28.62537707
 -16.69396527  12.22360128   1.33662635  25.97537845  12.80239079
 -16.3254078   -3.02555051 -19.67195061  28.13276464  -8.66136201
 -27.05380384  15.32043517  23.69105146 -12.83059114 -14.9215626
  25.95920151 -22.14378242  26.4494989   12.10114286  20.86211916
 -17.44432634  -2.69404354 -25.13085652  21.06472235   3.72063474
 -10.84021867  -7.50665655  22.06453445  -7.6605673  -25.57663168
 -18.01012604 -27.03055101   3.9912043  -22.68426592   1.3213289
 -22.9774862   16.19549256  -7.49167016  19.40439294 -27.19815818
   5.87442442  26.94366863 -12.68226379  23.33948325 -23.90410867
 -26.09278748 -15.93508204  25.98662809 -26.21513596 -14.14763419
  29.96566528 -17.26987046  -0.09110003 -12.56586413  10.36775202
  27.4829898   15.99678643   9.96201074 -22.13385854 -24.27971071]

Problem details :  Problem name: Ackley
	C++ class name: class pybind11::object

	Global dimension:			500
	Integer dimension:			0
	Fitness dimension:			1
	Number of objectives:			1
	Equality constraints dimension:		0
	Inequality constraints dimension:	0
	Lower bounds: [-32, -32, -32, -32, -32, ... ]
	Upper bounds: [32, 32, 32, 32, 32, ... ]
	Has batch fitness evaluation: false

	Has gradient: false
	User implemented gradient sparsity: false
	Has hessians: false
	User implemented hessians sparsity: false

	Fitness evaluations: 7000001

	Thread safety: none

