(11_w,22)-aCMA-ES (mu_w=6.5,w_1=26%) in dimension 500 (seed=280421, Wed Jun  3 19:12:29 2020)
Iterat #Fevals   function value  axis ratio  sigma  min&max std  t[m:s]
    1     22 1.758993371875460e+06 1.0e+00 9.87e-01  1e+00  1e+00 0:00.0
    2     44 1.755142461600901e+06 1.0e+00 9.75e-01  1e+00  1e+00 0:00.0
    3     66 1.750391389074398e+06 1.0e+00 9.64e-01  1e+00  1e+00 0:00.1
  100   2200 1.450113451195271e+06 1.1e+00 1.28e+00  1e+00  1e+00 0:02.7
  200   4400 8.648634271044296e+05 1.2e+00 3.90e+00  4e+00  4e+00 0:05.5
  300   6600 1.976102592858269e+05 1.2e+00 1.06e+01  1e+01  1e+01 0:08.3
  400   8800 1.457339897987044e+05 1.2e+00 1.04e+01  1e+01  1e+01 0:11.4
  500  11000 6.431500125982425e+04 1.2e+00 6.35e+00  6e+00  6e+00 0:14.2
  600  13200 2.435118538836179e+04 1.2e+00 3.72e+00  4e+00  4e+00 0:17.2
  700  15400 7.923217598968666e+03 1.2e+00 2.22e+00  2e+00  2e+00 0:20.4
  800  17600 2.400688641814811e+03 1.2e+00 1.31e+00  1e+00  1e+00 0:23.6
  900  19800 7.882621784872058e+02 1.2e+00 7.77e-01  8e-01  8e-01 0:26.7
 1000  22000 -1.260099435622203e+01 1.2e+00 4.61e-01  5e-01  5e-01 0:29.8
Iterat #Fevals   function value  axis ratio  sigma  min&max std  t[m:s]
 1100  24200 -2.613414018693055e+02 1.2e+00 2.89e-01  3e-01  3e-01 0:33.0
 1200  26400 -3.700993619556799e+02 1.2e+00 1.78e-01  2e-01  2e-01 0:36.3
 1300  28600 -4.149368212891387e+02 1.2e+00 1.11e-01  1e-01  1e-01 0:39.4
 1400  30800 -4.367827383829301e+02 1.2e+00 7.28e-02  7e-02  7e-02 0:42.6
 1500  33000 -4.447106193523479e+02 1.2e+00 4.99e-02  5e-02  5e-02 0:45.8
 1600  35200 -4.475237954858141e+02 1.2e+00 3.17e-02  3e-02  3e-02 0:49.1
 1700  37400 -4.489476362722963e+02 1.2e+00 2.03e-02  2e-02  2e-02 0:52.2
 1800  39600 -4.494889164052026e+02 1.2e+00 1.34e-02  1e-02  1e-02 0:55.3
 1900  41800 -4.497678599905001e+02 1.3e+00 9.04e-03  9e-03  1e-02 0:58.5
 2000  44000 -4.498936444744393e+02 1.3e+00 6.02e-03  6e-03  7e-03 1:01.6
Iterat #Fevals   function value  axis ratio  sigma  min&max std  t[m:s]
 2100  46200 -4.499468689360083e+02 1.3e+00 4.19e-03  4e-03  5e-03 1:04.9
 2200  48400 -4.499693858926773e+02 1.4e+00 2.79e-03  3e-03  3e-03 1:08.1
 2300  50600 -4.499833696739740e+02 1.4e+00 1.95e-03  2e-03  2e-03 1:11.1
 2400  52800 -4.499898101015135e+02 1.5e+00 1.43e-03  1e-03  2e-03 1:14.1
 2500  55000 -4.499932533227454e+02 1.5e+00 1.10e-03  1e-03  1e-03 1:17.3
 2600  57200 -4.499952420922102e+02 1.6e+00 8.86e-04  9e-04  1e-03 1:20.5
 2700  59400 -4.499967942493913e+02 1.7e+00 7.37e-04  7e-04  1e-03 1:23.8
 2800  61600 -4.499978057508176e+02 1.8e+00 5.96e-04  6e-04  9e-04 1:27.1
 2900  63800 -4.499985105713000e+02 2.0e+00 4.68e-04  5e-04  8e-04 1:30.2
 3000  66000 -4.499990349042836e+02 2.1e+00 4.10e-04  4e-04  8e-04 1:33.2
Iterat #Fevals   function value  axis ratio  sigma  min&max std  t[m:s]
 3100  68200 -4.499993614664971e+02 2.3e+00 3.71e-04  4e-04  8e-04 1:36.2
 3200  70400 -4.499995915522880e+02 2.5e+00 3.02e-04  3e-04  7e-04 1:39.4
 3300  72600 -4.499997588232135e+02 2.7e+00 2.44e-04  2e-04  6e-04 1:42.5
 3400  74800 -4.499998705779925e+02 2.8e+00 1.82e-04  2e-04  5e-04 1:45.6
 3500  77000 -4.499999186682485e+02 3.0e+00 1.37e-04  1e-04  4e-04 1:48.7
 3600  79200 -4.499999525548624e+02 3.1e+00 1.05e-04  1e-04  3e-04 1:52.0
 3700  81400 -4.499999709172875e+02 3.2e+00 8.35e-05  8e-05  2e-04 1:55.0
 3800  83600 -4.499999822063916e+02 3.3e+00 6.13e-05  6e-05  2e-04 1:58.3
 3900  85800 -4.499999892991892e+02 3.3e+00 4.68e-05  5e-05  1e-04 2:01.4
 4000  88000 -4.499999931642852e+02 3.4e+00 3.68e-05  4e-05  1e-04 2:04.8
Iterat #Fevals   function value  axis ratio  sigma  min&max std  t[m:s]
 4100  90200 -4.499999958281547e+02 3.5e+00 3.07e-05  3e-05  1e-04 2:07.9
 4200  92400 -4.499999976445047e+02 3.5e+00 2.48e-05  2e-05  8e-05 2:10.9
 4300  94600 -4.499999987044435e+02 3.5e+00 1.93e-05  2e-05  6e-05 2:14.0
 4400  96800 -4.499999993055974e+02 3.6e+00 1.45e-05  1e-05  5e-05 2:17.3
 4500  99000 -4.499999996245169e+02 3.6e+00 1.08e-05  1e-05  4e-05 2:20.3
 4600 101200 -4.499999998242784e+02 3.6e+00 8.04e-06  8e-06  3e-05 2:23.4
 4700 103400 -4.499999999100816e+02 3.6e+00 5.85e-06  6e-06  2e-05 2:26.5
 4800 105600 -4.499999999593163e+02 3.6e+00 3.97e-06  4e-06  1e-05 2:29.5
 4900 107800 -4.499999999813954e+02 3.6e+00 2.63e-06  3e-06  9e-06 2:33.2
 5000 110000 -4.499999999914322e+02 3.6e+00 1.83e-06  2e-06  6e-06 2:37.0
Iterat #Fevals   function value  axis ratio  sigma  min&max std  t[m:s]
 5100 112200 -4.499999999959696e+02 3.6e+00 1.20e-06  1e-06  4e-06 2:40.9
 5200 114400 -4.499999999978412e+02 3.6e+00 7.92e-07  8e-07  3e-06 2:44.7
 5300 116600 -4.499999999988257e+02 3.6e+00 5.38e-07  5e-07  2e-06 2:48.6
 5400 118800 -4.499999999993219e+02 3.6e+00 3.90e-07  4e-07  1e-06 2:51.8
 5500 121000 -4.499999999995769e+02 3.6e+00 3.01e-07  3e-07  1e-06 2:54.9
 5600 123200 -4.499999999997634e+02 3.6e+00 2.40e-07  2e-07  8e-07 2:57.9
 5700 125400 -4.499999999998745e+02 3.6e+00 1.99e-07  2e-07  7e-07 3:01.0
 5800 127600 -4.499999999999341e+02 3.6e+00 1.55e-07  2e-07  5e-07 3:04.3
 5900 129800 -4.499999999999710e+02 3.7e+00 1.08e-07  1e-07  4e-07 3:07.4
 6000 132000 -4.499999999999876e+02 3.7e+00 7.72e-08  8e-08  3e-07 3:10.5
Iterat #Fevals   function value  axis ratio  sigma  min&max std  t[m:s]
 6100 134200 -4.499999999999943e+02 3.7e+00 5.02e-08  5e-08  2e-07 3:13.8
 6200 136400 -4.499999999999977e+02 3.7e+00 3.22e-08  3e-08  1e-07 3:17.0
 6300 138600 -4.499999999999989e+02 3.7e+00 2.00e-08  2e-08  7e-08 3:20.0
 6400 140800 -4.499999999999993e+02 3.7e+00 1.35e-08  1e-08  5e-08 3:23.0
 6424 141328 -4.499999999999993e+02 3.7e+00 1.25e-08  1e-08  4e-08 3:23.8
2144 lines written in E:\Python\Jasmys\outcmaes\downaxlen.dat
2144 lines written in E:\Python\Jasmys\outcmaes\downfit.dat
2144 lines written in E:\Python\Jasmys\outcmaes\downstddev.dat
2144 lines written in E:\Python\Jasmys\outcmaes\downxmean.dat
2144 lines written in E:\Python\Jasmys\outcmaes\downxrecentbest.dat
