(7_w,15)-aCMA-ES (mu_w=4.5,w_1=34%) in dimension 50 (seed=298871, Wed Jun  3 19:19:29 2020)
Iterat #Fevals   function value  axis ratio  sigma  min&max std  t[m:s]
    1     15 1.825285557347022e+05 1.0e+00 9.48e-01  9e-01  1e+00 0:00.0
    2     30 1.799093785807546e+05 1.0e+00 9.25e-01  9e-01  9e-01 0:00.0
    3     45 1.803310335637140e+05 1.1e+00 9.07e-01  9e-01  9e-01 0:00.0
  100   1500 4.313712059338377e+03 1.4e+00 1.03e+01  1e+01  1e+01 0:00.6
  200   3000 -4.344070844654225e+02 1.5e+00 5.04e-01  5e-01  5e-01 0:01.2
  300   4500 -4.498355682814718e+02 1.5e+00 4.74e-02  4e-02  5e-02 0:01.9
  400   6000 -4.499963774914407e+02 2.0e+00 6.71e-03  6e-03  1e-02 0:02.4
  500   7500 -4.499999516239993e+02 2.4e+00 9.09e-04  7e-04  1e-03 0:03.1
  600   9000 -4.499999996973859e+02 2.5e+00 8.19e-05  6e-05  1e-04 0:03.7
  700  10500 -4.499999999976237e+02 2.7e+00 6.58e-06  5e-06  1e-05 0:04.3
  800  12000 -4.499999999999910e+02 2.8e+00 4.98e-07  3e-07  8e-07 0:04.9
  894  13410 -4.499999999999999e+02 2.8e+00 4.50e-08  3e-08  7e-08 0:05.5
