Time taken to compute the optimum :  10.382502794265747

Number of iterations done :  894

Optimum value of function :  -449.9999999999999

Optimum values of x :  [ 97.2499359   77.06098494 -19.03114881  25.42869792 -22.90880258
  69.5721758    5.36971386  61.48073078 -21.3006986   92.3468134
 -93.97588118  90.7459868   42.87698031  29.30964636 -10.6695484
 -65.07461778  67.04941631  94.01877031 -73.00502026 -49.80219859
  82.00142505  35.29318281  24.63214925   2.44313745 -99.30345088
 -54.62233888  95.69145816  72.25048083 -97.12295528  -2.84462702
 -16.719407    54.58048354  -2.37049342   4.51291375  56.40988584
  18.24586948 -74.72144478 -78.05614659  32.58107767  99.41862302
 -30.76381164 -64.7890968  -86.42220779 -38.12082256 -33.04804034
 -24.76648648  90.44136626  43.86410232  55.86848702  23.53173234]

